3689.7754827850	0.0332873464
3685.9833188767	0.0339662135
3682.1911549684	0.0348384567
3678.3989910601	0.0357012041
3674.6068271518	0.0365728736
3670.8146632435	0.0374421105
3667.0224993351	0.0382634476
3663.2303354268	0.0390331373
3659.4381715185	0.0397527739
3655.6460076102	0.0404338762
3651.8538437019	0.0411093272
3648.0616797936	0.0417949632
3644.2695158853	0.0425188914
3640.4773519770	0.0432828367
3636.6851880687	0.0440953895
3632.8930241604	0.0449304767
3629.1008602521	0.0457836427
3625.3086963437	0.0466194488
3621.5165324354	0.0474353433
3617.7243685271	0.0482147112
3613.9322046188	0.0489627719
3610.1400407105	0.0496785082
3606.3478768022	0.0503745787
3602.5557128939	0.0510542840
3598.7635489856	0.0517323986
3594.9713850773	0.0524092875
3591.1792211690	0.0530883111
3587.3870572606	0.0537586957
3583.5948933523	0.0544095263
3579.8027294440	0.0550299063
3576.0105655357	0.0556137301
3572.2184016274	0.0561739951
3568.4262377191	0.0567182712
3564.6340738108	0.0572741516
3560.8419099025	0.0578541756
3557.0497459942	0.0584765412
3553.2575820859	0.0591406301
3549.4654181776	0.0598452352
3545.6732542692	0.0605455898
3541.8810903609	0.0612052418
3538.0889264526	0.0617546588
3534.2967625443	0.0621545874
3530.5045986360	0.0623754524
3526.7124347277	0.0624652766
3522.9202708194	0.0624671057
3519.1281069111	0.0624953061
3515.3359430028	0.0626344383
3511.5437790945	0.0629524663
3507.7516151862	0.0634902120
3503.9594512778	0.0642335042
3500.1672873695	0.0651318580
3496.3751234612	0.0661057979
3492.5829595529	0.0670987815
3488.7907956446	0.0680502057
3484.9986317363	0.0689666644
3481.2064678280	0.0698732063
3477.4143039197	0.0708130673
3473.6221400114	0.0718139261
3469.8299761031	0.0728670731
3466.0378121948	0.0739353448
3462.2456482864	0.0749594122
3458.4534843781	0.0758445263
3454.6613204698	0.0765485540
3450.8691565615	0.0769881979
3447.0769926532	0.0771821663
3443.2848287449	0.0771219134
3439.4926648366	0.0769511163
3435.7005009283	0.0767471194
3431.9083370200	0.0766990632
3428.1161731117	0.0769299865
3424.3240092034	0.0775174797
3420.5318452950	0.0785007253
3416.7396813867	0.0798013657
3412.9475174784	0.0813571289
3409.1553535701	0.0829643309
3405.3631896618	0.0845496282
3401.5710257535	0.0859734938
3397.7788618452	0.0872280374
3393.9866979369	0.0883179083
3390.1945340286	0.0893281251
3386.4023701203	0.0903596655
3382.6102062120	0.0914834738
3378.8180423036	0.0928042233
3375.0258783953	0.0943152532
3371.2337144870	0.0960236862
3367.4415505787	0.0978356823
3363.6493866704	0.0997052118
3359.8572227621	0.1015673578
3356.0650588538	0.1034062877
3352.2728949455	0.1052224338
3348.4807310372	0.1070252657
3344.6885671289	0.1087970510
3340.8964032205	0.1105269194
3337.1042393122	0.1121896356
3333.3120754039	0.1138068885
3329.5199114956	0.1154046953
3325.7277475873	0.1170393899
3321.9355836790	0.1187671646
3318.1434197707	0.1206056625
3314.3512558624	0.1225680709
3310.5590919541	0.1246153638
3306.7669280458	0.1267249435
3302.9747641375	0.1288611442
3299.1826002291	0.1310022026
3295.3904363208	0.1331274509
3291.5982724125	0.1352092475
3287.8061085042	0.1371972114
3284.0139445959	0.1390836388
3280.2217806876	0.1408619136
3276.4296167793	0.1425883472
3272.6374528710	0.1442827433
3268.8452889627	0.1459651440
3265.0531250544	0.1476047486
3261.2609611461	0.1491905302
3257.4687972377	0.1507172883
3253.6766333294	0.1522167921
3249.8844694211	0.1536944360
3246.0923055128	0.1551404148
3242.3001416045	0.1565124840
3238.5079776962	0.1577918380
3234.7158137879	0.1590120643
3230.9236498796	0.1602275968
3227.1314859713	0.1615446657
3223.3393220630	0.1629683822
3219.5471581547	0.1644881815
3215.7549942463	0.1660080701
3211.9628303380	0.1674763858
3208.1706664297	0.1689136475
3204.3785025214	0.1703862697
3200.5863386131	0.1720477045
3196.7941747048	0.1739426851
3193.0020107965	0.1760939509
3189.2098468882	0.1784579158
3185.4176829799	0.1809885651
3181.6255190716	0.1836485416
3177.8333551633	0.1863976568
3174.0411912549	0.1891468614
3170.2490273466	0.1918518394
3166.4568634383	0.1945168078
3162.6646995300	0.1971968412
3158.8725356217	0.2000266910
3155.0803717134	0.2030683160
3151.2882078051	0.2063511163
3147.4960438968	0.2098535150
3143.7038799885	0.2134710103
3139.9117160802	0.2171115577
3136.1195521718	0.2207032442
3132.3273882635	0.2242108881
3128.5352243552	0.2277204096
3124.7430604469	0.2313295752
3120.9508965386	0.2351366580
3117.1587326303	0.2392373532
3113.3665687220	0.2437120229
3109.5744048137	0.2485914528
3105.7822409054	0.2538692355
3101.9900769971	0.2594859004
3098.1979130888	0.2653183639
3094.4057491804	0.2712934613
3090.6135852721	0.2773840427
3086.8214213638	0.2836112678
3083.0292574555	0.2901161909
3079.2370935472	0.2971189022
3075.4449296389	0.3047769964
3071.6527657306	0.3131826520
3067.8606018223	0.3222931325
3064.0684379140	0.3319673240
3060.2762740057	0.3421445787
3056.4841100974	0.3528061509
3052.6919461890	0.3639718890
3048.8997822807	0.3756882250
3045.1076183724	0.3880088031
3041.3154544641	0.4009067118
3037.5232905558	0.4142635465
3033.7311266475	0.4278646708
3029.9389627392	0.4414735436
3026.1467988309	0.4550788701
3022.3546349226	0.4687470198
3018.5624710143	0.4825137258
3014.7703071060	0.4963379204
3010.9781431976	0.5100820661
3007.1859792893	0.5236872435
3003.3938153810	0.5372027755
2999.6016514727	0.5506957173
2995.8094875644	0.5641844869
2992.0173236561	0.5775328279
2988.2251597478	0.5903719664
2984.4329958395	0.6024961472
2980.6408319312	0.6140912771
2976.8486680229	0.6256125569
2973.0565041146	0.6375894547
2969.2643402062	0.6501975060
2965.4721762979	0.6629522443
2961.6800123896	0.6752570271
2957.8878484813	0.6868398190
2954.0956845730	0.6978873610
2950.3035206647	0.7090104818
2946.5113567564	0.7209833860
2942.7191928481	0.7339909077
2938.9270289398	0.7471907139
2935.1348650315	0.7595312595
2931.3427011231	0.7705802321
2927.5505372148	0.7807648778
2923.7583733065	0.7910548449
2919.9662093982	0.8019260168
2916.1740454899	0.8124663234
2912.3818815816	0.8215334415
2908.5897176733	0.8292668462
2904.7975537650	0.8370319009
2901.0053898567	0.8463232517
2897.2132259484	0.8575310111
2893.4210620401	0.8693857193
2889.6288981317	0.8799267411
2885.8367342234	0.8880806565
2882.0445703151	0.8938795924
2878.2524064068	0.8979461193
2874.4602424985	0.9011620879
2870.6680785902	0.9039559364
2866.8759146819	0.9057579637
2863.0837507736	0.9054547548
2859.2915868653	0.9031095505
2855.4994229570	0.9010853171
2851.7072590487	0.9011846781
2847.9150951403	0.9012444615
2844.1229312320	0.8981970549
2840.3307673237	0.8926603794
2836.5386034154	0.8878433704
2832.7464395071	0.8849781156
2828.9542755988	0.8817303181
2825.1621116905	0.8752661943
2821.3699477822	0.8654189706
2817.5777838739	0.8530595303
2813.7856199656	0.8371667266
2809.9934560573	0.8181975484
2806.2012921489	0.8029652238
2802.4091282406	0.7981854677
2798.6169643323	0.7992718816
2794.8248004240	0.7934152484
2791.0326365157	0.7746655941
2787.2404726074	0.7502720356
2783.4483086991	0.7301952839
2779.6561447908	0.7149899602
2775.8639808825	0.6975105405
2772.0718169742	0.6739006042
2768.2796530659	0.6489234567
2764.4874891575	0.6315577030
2760.6953252492	0.6285185218
2756.9031613409	0.6396674514
2753.1109974326	0.6546300650
2749.3188335243	0.6572132707
2745.5266696160	0.6421429515
2741.7345057077	0.6254209876
2737.9423417994	0.6260811090
2734.1501778911	0.6380733848
2730.3580139828	0.6353155971
2726.5658500745	0.6073520780
2722.7736861661	0.5740525723
2718.9815222578	0.5594601035
2715.1893583495	0.5656569004
2711.3971944412	0.5784417987
2707.6050305329	0.5850880742
2703.8128666246	0.5798676014
2700.0207027163	0.5634047985
2696.2285388080	0.5426680446
2692.4363748997	0.5240594745
2688.6442109914	0.5043107271
2684.8520470830	0.4748698473
2681.0598831747	0.4350252450
2677.2677192664	0.3949019611
2673.4755553581	0.3675337434
2669.6833914498	0.3624652326
2665.8912275415	0.3824901283
2662.0990636332	0.4202091098
2658.3068997249	0.4601472616
2654.5147358166	0.4893601537
2650.7225719083	0.5054072738
2646.9304080000	0.5115401745
2643.1382440916	0.5066536665
2639.3460801833	0.4858793318
2635.5539162750	0.4517892599
2631.7617523667	0.4175005555
2627.9695884584	0.3938038945
2624.1774245501	0.3791080415
2620.3852606418	0.3665821850
2616.5930967335	0.3541247547
2612.8009328252	0.3427890241
2609.0087689169	0.3322393000
2605.2166050086	0.3221501708
2601.4244411002	0.3131535947
2597.6322771919	0.3051839769
2593.8401132836	0.2987305820
2590.0479493753	0.2957653105
2586.2557854670	0.2966696918
2582.4636215587	0.2994626164
2578.6714576504	0.3022990823
2574.8792937421	0.3031829596
2571.0871298338	0.2999610603
2567.2949659255	0.2948590219
2563.5028020172	0.2945106328
2559.7106381088	0.3009890318
2555.9184742005	0.3076587021
2552.1263102922	0.3079987466
2548.3341463839	0.3036969006
2544.5419824756	0.3000123799
2540.7498185673	0.2980096936
2536.9576546590	0.2955630124
2533.1654907507	0.2927953899
2529.3733268424	0.2910538912
2525.5811629341	0.2893178463
2521.7889990258	0.2859131992
2517.9968351174	0.2810820639
2514.2046712091	0.2758156061
2510.4125073008	0.2704543173
2506.6203433925	0.2650215328
2502.8281794842	0.2595171630
2499.0360155759	0.2539898455
2495.2438516676	0.2485069185
2491.4516877593	0.2429329902
2487.6595238510	0.2372489721
2483.8673599427	0.2316917479
2480.0751960343	0.2262734622
2476.2830321260	0.2209559828
2472.4908682177	0.2159119099
2468.6987043094	0.2111117095
2464.9065404011	0.2063465267
2461.1143764928	0.2015254498
2457.3222125845	0.1965717971
2453.5300486762	0.1915530860
2449.7378847679	0.1867241114
2445.9457208596	0.1821616739
2442.1535569513	0.1777807474
2438.3613930429	0.1735000014
2434.5692291346	0.1692526788
2430.7770652263	0.1650389731
2426.9849013180	0.1608276516
2423.1927374097	0.1566192210
2419.4005735014	0.1525963247
2415.6084095931	0.1488101482
2411.8162456848	0.1451065540
2408.0240817765	0.1414061338
2404.2319178682	0.1376778036
2400.4397539599	0.1339697987
2396.6475900515	0.1303962618
2392.8554261432	0.1269228160
2389.0632622349	0.1235084832
2385.2710983266	0.1202228740
2381.4789344183	0.1170591116
2377.6867705100	0.1139351577
2373.8946066017	0.1107456014
2370.1024426934	0.1075135395
2366.3102787851	0.1044751555
2362.5181148768	0.1016742811
2358.7259509685	0.0989307538
2354.9337870601	0.0962148011
2351.1416231518	0.0935815275
2347.3494592435	0.0909985974
2343.5572953352	0.0884067193
2339.7651314269	0.0858376324
2335.9729675186	0.0833724588
2332.1808036103	0.0809715688
2328.3886397020	0.0786712021
2324.5964757937	0.0765898079
2320.8043118854	0.0745587423
2317.0121479771	0.0724172965
2313.2199840687	0.0702524036
2309.4278201604	0.0680623427
2305.6356562521	0.0657911226
2301.8434923438	0.0635684654
2298.0513284355	0.0616708808
2294.2591645272	0.0600970052
2290.4670006189	0.0584906265
2286.6748367106	0.0566856451
2282.8826728023	0.0547654293
2279.0905088940	0.0529339649
2275.2983449856	0.0513366722
2271.5061810773	0.0498299524
2267.7140171690	0.0482936054
2263.9218532607	0.0468187667
2260.1296893524	0.0454980470
2256.3375254441	0.0441159271
2252.5453615358	0.0425346196
2248.7531976275	0.0411033370
2244.9610337192	0.0398370512
2241.1688698109	0.0384977348
2237.3767059026	0.0371754691
2233.5845419942	0.0359935686
2229.7923780859	0.0349280797
2226.0002141776	0.0338655859
2222.2080502693	0.0328255743
2218.4158863610	0.0317795351
2214.6237224527	0.0307642315
2210.8315585444	0.0297550522
2207.0393946361	0.0285868682
2203.2472307278	0.0274445880
2199.4550668195	0.0265066437
2195.6629029112	0.0257804301
2191.8707390028	0.0249755122
2188.0785750945	0.0241254605
2184.2864111862	0.0234269351
2180.4942472779	0.0226269849
2176.7020833696	0.0217749849
2172.9099194613	0.0210304596
2169.1177555530	0.0202430133
2165.3255916447	0.0192930903
2161.5334277364	0.0186480898
2157.7412638281	0.0181436297
2153.9490999198	0.0175405648
2150.1569360114	0.0168464761
2146.3647721031	0.0159650147
2142.5726081948	0.0152102802
2138.7804442865	0.0144491950
2134.9882803782	0.0139311654
2131.1961164699	0.0138139930
2127.4039525616	0.0138400132
2123.6117886533	0.0135239800
2119.8196247450	0.0130571164
2116.0274608367	0.0123090222
2112.2352969284	0.0113209458
2108.4431330200	0.0106714079
2104.6509691117	0.0105235390
2100.8588052034	0.0106096286
2097.0666412951	0.0103804674
2093.2744773868	0.0096901543
2089.4823134785	0.0086555798
2085.6901495702	0.0080218520
2081.8979856619	0.0074495380
2078.1058217536	0.0071602589
2074.3136578453	0.0072587528
2070.5214939370	0.0076168058
2066.7293300286	0.0073166057
2062.9371661203	0.0063745850
2059.1450022120	0.0054146792
2055.3528383037	0.0051284954
2051.5606743954	0.0046879426
2047.7685104871	0.0047405162
2043.9763465788	0.0051319455
2040.1841826705	0.0051657730
2036.3920187622	0.0046339119
2032.5998548539	0.0040151537
2028.8076909455	0.0031549283
2025.0155270372	0.0031349414
2021.2233631289	0.0033947534
2017.4311992206	0.0036038037
2013.6390353123	0.0034955745
2009.8468714040	0.0031974039
2006.0547074957	0.0023629596
2002.2625435874	0.0019175404
1998.4703796791	0.0018262478
