3116.2046144675	0.0000084041
3113.1525041693	0.0000092262
3110.1003938710	0.0000101069
3107.0482835728	0.0000105302
3103.9961732746	0.0000106876
3100.9440629764	0.0000105678
3097.8919526782	0.0000102647
3094.8398423800	0.0000097972
3091.7877320818	0.0000093072
3088.7356217836	0.0000088211
3085.6835114854	0.0000085436
3082.6314011872	0.0000085231
3079.5792908890	0.0000089122
3076.5271805908	0.0000097577
3073.4750702926	0.0000109989
3070.4229599944	0.0000126476
3067.3708496962	0.0000141284
3064.3187393980	0.0000154267
3061.2666290998	0.0000163480
3058.2145188016	0.0000169665
3055.1624085034	0.0000176206
3052.1102982052	0.0000182399
3049.0581879069	0.0000188545
3046.0060776087	0.0000192033
3042.9539673105	0.0000188819
3039.9018570123	0.0000179339
3036.8497467141	0.0000161740
3033.7976364159	0.0000141230
3030.7455261177	0.0000118982
3027.6934158195	0.0000100998
3024.6413055213	0.0000088551
3021.5891952231	0.0000083887
3018.5370849249	0.0000087008
3015.4849746267	0.0000096894
3012.4328643285	0.0000112040
3009.3807540303	0.0000128076
3006.3286437321	0.0000142014
3003.2765334339	0.0000147464
3000.2244231357	0.0000147512
2997.1723128375	0.0000141449
2994.1202025393	0.0000138301
2991.0680922410	0.0000140325
2988.0159819428	0.0000146493
2984.9638716446	0.0000156014
2981.9117613464	0.0000162895
2978.8596510482	0.0000168215
2975.8075407500	0.0000171806
2972.7554304518	0.0000176622
2969.7033201536	0.0000185324
2966.6512098554	0.0000195498
2963.5990995572	0.0000206852
2960.5469892590	0.0000215343
2957.4948789608	0.0000220956
2954.4427686626	0.0000222730
2951.3906583644	0.0000223284
2948.3385480662	0.0000225821
2945.2864377680	0.0000230024
2942.2343274698	0.0000236438
2939.1822171716	0.0000240565
2936.1301068734	0.0000242004
2933.0779965751	0.0000239151
2930.0258862769	0.0000233592
2926.9737759787	0.0000226305
2923.9216656805	0.0000220707
2920.8695553823	0.0000217939
2917.8174450841	0.0000223577
2914.7653347859	0.0000236933
2911.7132244877	0.0000257253
2908.6611141895	0.0000277415
2905.6090038913	0.0000291860
2902.5568935931	0.0000295624
2899.5047832949	0.0000288101
2896.4526729967	0.0000273656
2893.4005626985	0.0000257005
2890.3484524003	0.0000244749
2887.2963421021	0.0000242029
2884.2442318039	0.0000250991
2881.1921215057	0.0000267186
2878.1400112075	0.0000286786
2875.0879009092	0.0000302030
2872.0357906110	0.0000311576
2868.9836803128	0.0000314085
2865.9315700146	0.0000313443
2862.8794597164	0.0000310904
2859.8273494182	0.0000309191
2856.7752391200	0.0000308889
2853.7231288218	0.0000310447
2850.6710185236	0.0000312067
2847.6189082254	0.0000313990
2844.5667979272	0.0000316182
2841.5146876290	0.0000320269
2838.4625773308	0.0000326587
2835.4104670326	0.0000334578
2832.3583567344	0.0000342359
2829.3062464362	0.0000348153
2826.2541361380	0.0000350004
2823.2020258398	0.0000347804
2820.1499155416	0.0000341470
2817.0978052433	0.0000333969
2814.0456949451	0.0000326817
2810.9935846469	0.0000321811
2807.9414743487	0.0000319093
2804.8893640505	0.0000318628
2801.8372537523	0.0000323519
2798.7851434541	0.0000333520
2795.7330331559	0.0000347544
2792.6809228577	0.0000358469
2789.6288125595	0.0000363092
2786.5767022613	0.0000361302
2783.5245919631	0.0000357801
2780.4724816649	0.0000356802
2777.4203713667	0.0000359692
2774.3682610685	0.0000365336
2771.3161507703	0.0000371898
2768.2640404721	0.0000378162
2765.2119301739	0.0000383537
2762.1598198757	0.0000386656
2759.1077095775	0.0000389150
2756.0555992792	0.0000392004
2753.0034889810	0.0000398047
2749.9513786828	0.0000408419
2746.8992683846	0.0000423417
2743.8471580864	0.0000439880
2740.7950477882	0.0000450681
2737.7429374900	0.0000451109
2734.6908271918	0.0000438573
2731.6387168936	0.0000423974
2728.5866065954	0.0000415457
2725.5344962972	0.0000425560
2722.4823859990	0.0000446729
2719.4302757008	0.0000473284
2716.3781654026	0.0000486229
2713.3260551044	0.0000484031
2710.2739448062	0.0000465104
2707.2218345080	0.0000443451
2704.1697242098	0.0000426584
2701.1176139116	0.0000419959
2698.0655036133	0.0000419354
2695.0133933151	0.0000419544
2691.9612830169	0.0000417939
2688.9091727187	0.0000416988
2685.8570624205	0.0000420865
2682.8049521223	0.0000430767
2679.7528418241	0.0000445522
2676.7007315259	0.0000458981
2673.6486212277	0.0000468775
2670.5965109295	0.0000472359
2667.5444006313	0.0000474657
2664.4922903331	0.0000477639
2661.4401800349	0.0000483389
2658.3880697367	0.0000489775
2655.3359594385	0.0000496250
2652.2838491403	0.0000502173
2649.2317388421	0.0000505935
2646.1796285439	0.0000506839
2643.1275182457	0.0000506448
2640.0754079474	0.0000509517
2637.0232976492	0.0000516244
2633.9711873510	0.0000520891
2630.9190770528	0.0000517094
2627.8669667546	0.0000500904
2624.8148564564	0.0000478877
2621.7627461582	0.0000456217
2618.7106358600	0.0000439974
2615.6585255618	0.0000431988
2612.6064152636	0.0000428624
2609.5543049654	0.0000425504
2606.5021946672	0.0000416098
2603.4500843690	0.0000401550
2600.3979740708	0.0000383298
2597.3458637726	0.0000363604
2594.2937534744	0.0000345429
2591.2416431762	0.0000332963
2588.1895328780	0.0000328271
2585.1374225798	0.0000331512
2582.0853122815	0.0000336878
2579.0332019833	0.0000340694
2575.9810916851	0.0000340171
2572.9289813869	0.0000333740
2569.8768710887	0.0000321464
2566.8247607905	0.0000306528
2563.7726504923	0.0000292689
2560.7205401941	0.0000284749
2557.6684298959	0.0000286319
2554.6163195977	0.0000291924
2551.5642092995	0.0000295203
2548.5120990013	0.0000288466
2545.4599887031	0.0000280030
2542.4078784049	0.0000279431
2539.3557681067	0.0000289221
2536.3036578085	0.0000302957
2533.2515475103	0.0000306859
2530.1994372121	0.0000298231
2527.1473269139	0.0000282995
2524.0952166156	0.0000272632
2521.0431063174	0.0000278492
2517.9909960192	0.0000296383
2514.9388857210	0.0000315909
2511.8867754228	0.0000328927
2508.8346651246	0.0000334955
2505.7825548264	0.0000339137
2502.7304445282	0.0000343018
2499.6783342300	0.0000346433
2496.6262239318	0.0000349102
2493.5741136336	0.0000353690
2490.5220033354	0.0000366262
2487.4698930372	0.0000388883
2484.4177827390	0.0000420083
2481.3656724408	0.0000456759
2478.3135621426	0.0000499843
2475.2614518444	0.0000548738
2472.2093415462	0.0000594113
2469.1572312480	0.0000631194
2466.1051209498	0.0000662529
2463.0530106515	0.0000702260
2460.0009003533	0.0000752320
2456.9487900551	0.0000800172
2453.8966797569	0.0000840099
2450.8445694587	0.0000876680
2447.7924591605	0.0000925621
2444.7403488623	0.0001001436
2441.6882385641	0.0001098457
2438.6361282659	0.0001203701
2435.5840179677	0.0001308354
2432.5319076695	0.0001409793
2429.4797973713	0.0001511183
2426.4276870731	0.0001621215
2423.3755767749	0.0001755822
2420.3234664767	0.0001923167
2417.2713561785	0.0002118475
2414.2192458803	0.0002328679
2411.1671355821	0.0002541039
2408.1150252839	0.0002754349
2405.0629149856	0.0002984812
2402.0108046874	0.0003249549
2398.9586943892	0.0003553562
2395.9065840910	0.0003895659
2392.8544737928	0.0004274613
2389.8023634946	0.0004691974
2386.7502531964	0.0005143910
2383.6981428982	0.0005626386
2380.6460326000	0.0006149996
2377.5939223018	0.0006732179
2374.5418120036	0.0007388880
2371.4897017054	0.0008130920
2368.4375914072	0.0008963803
2365.3854811090	0.0009890322
2362.3333708108	0.0010916090
2359.2812605126	0.0012049788
2356.2291502144	0.0013303802
2353.1770399162	0.0014699931
2350.1249296180	0.0016261397
2347.0728193197	0.0018005545
2344.0207090215	0.0019946720
2340.9685987233	0.0022102294
2337.9164884251	0.0024493139
2334.8643781269	0.0027142863
2331.8122678287	0.0030083258
2328.7601575305	0.0033344959
2325.7080472323	0.0036953150
2322.6559369341	0.0040936745
2319.6038266359	0.0045320042
2316.5517163377	0.0050118095
2313.4996060395	0.0055344435
2310.4474957413	0.0061009130
2307.3953854431	0.0067105847
2304.3432751449	0.0073609962
2301.2911648467	0.0080492087
2298.2390545485	0.0087715043
2295.1869442503	0.0095219379
2292.1348339521	0.0102921128
2289.0827236538	0.0110710310
2286.0306133556	0.0118458606
2282.9785030574	0.0126032187
2279.9263927592	0.0133288978
2276.8742824610	0.0140079176
2273.8221721628	0.0146264061
2270.7700618646	0.0151734492
2267.7179515664	0.0156411491
2264.6658412682	0.0160231330
2261.6137309700	0.0163140576
2258.5616206718	0.0165116582
2255.5095103736	0.0166185293
2252.4574000754	0.0166411083
2249.4052897772	0.0165876579
2246.3531794790	0.0164668337
2243.3010691808	0.0162869971
2240.2489588826	0.0160572827
2237.1968485844	0.0157879964
2234.1447382862	0.0154875303
2231.0926279879	0.0151613420
2228.0405176897	0.0148153352
2224.9884073915	0.0144569036
2221.9362970933	0.0140927322
2218.8841867951	0.0137273772
2215.8320764969	0.0133633083
2212.7799661987	0.0130025363
2209.7278559005	0.0126472423
2206.6757456023	0.0122978240
2203.6236353041	0.0119535467
2200.5715250059	0.0116153853
2197.5194147077	0.0112853320
2194.4673044095	0.0109640127
2191.4151941113	0.0106504643
2188.3630838131	0.0103445230
2185.3109735149	0.0100485720
2182.2588632167	0.0097638946
2179.2067529185	0.0094879400
2176.1546426203	0.0092188539
2173.1025323221	0.0089581171
2170.0504220238	0.0087070232
2166.9983117256	0.0084644156
2163.9462014274	0.0082281576
2160.8940911292	0.0079976823
2157.8419808310	0.0077737533
2154.7898705328	0.0075563947
2151.7377602346	0.0073453449
2148.6856499364	0.0071402178
2145.6335396382	0.0069403150
2142.5814293400	0.0067464011
2139.5293190418	0.0065590166
2136.4772087436	0.0063763265
2133.4250984454	0.0061969166
2130.3729881472	0.0060215555
2127.3208778490	0.0058517926
2124.2687675508	0.0056874715
2121.2166572526	0.0055266162
2118.1645469544	0.0053688190
2115.1124366562	0.0052144662
2112.0603263579	0.0050626714
2109.0082160597	0.0049138176
2105.9561057615	0.0047703134
2102.9039954633	0.0046336874
2099.8518851651	0.0045018825
2096.7997748669	0.0043718899
2093.7476645687	0.0042442754
2090.6955542705	0.0041197534
2087.6434439723	0.0039971354
2084.5913336741	0.0038765247
2081.5392233759	0.0037590198
2078.4871130777	0.0036455276
2075.4350027795	0.0035359333
2072.3828924813	0.0034299400
2069.3307821831	0.0033272572
2066.2786718849	0.0032262143
2063.2265615867	0.0031274452
2060.1744512885	0.0030326066
2057.1223409903	0.0029411088
2054.0702306920	0.0028533142
2051.0181203938	0.0027684516
2047.9660100956	0.0026849445
2044.9138997974	0.0026025795
2041.8617894992	0.0025213440
2038.8096792010	0.0024433115
2035.7575689028	0.0023693494
2032.7054586046	0.0022965127
2029.6533483064	0.0022229545
2026.6012380082	0.0021505745
2023.5491277100	0.0020806538
2020.4970174118	0.0020123213
2017.4449071136	0.0019463880
2014.3927968154	0.0018821808
2011.3406865172	0.0018201234
2008.2885762190	0.0017633557
2005.2364659208	0.0017100148
2002.1843556226	0.0016572855
1999.1322453244	0.0016048186
1996.0801350261	0.0015531182
1993.0280247279	0.0015019589
1989.9759144297	0.0014514951
1986.9238041315	0.0014033112
1983.8716938333	0.0013577502
1980.8195835351	0.0013151778
1977.7674732369	0.0012729319
1974.7153629387	0.0012287755
1971.6632526405	0.0011856512
1968.6111423423	0.0011464447
1965.5590320441	0.0011113364
1962.5069217459	0.0010774459
1959.4548114477	0.0010424865
1956.4027011495	0.0010071388
1953.3505908513	0.0009753199
1950.2984805531	0.0009465371
1947.2463702549	0.0009176591
1944.1942599567	0.0008890856
1941.1421496585	0.0008596952
1938.0900393602	0.0008296432
1935.0379290620	0.0008007315
1931.9858187638	0.0007739547
1928.9337084656	0.0007496777
1925.8815981674	0.0007261807
1922.8294878692	0.0007000162
1919.7773775710	0.0006779424
1916.7252672728	0.0006615807
1913.6731569746	0.0006429612
1910.6210466764	0.0006203310
1907.5689363782	0.0005939883
1904.5168260800	0.0005727548
1901.4647157818	0.0005623301
1898.4126054836	0.0005585215
1895.3604951854	0.0005517664
1892.3083848872	0.0005391606
1889.2562745890	0.0005294537
1886.2041642908	0.0005203754
1883.1520539926	0.0005047614
1880.0999436944	0.0004798968
1877.0478333961	0.0004457033
1873.9957230979	0.0004154532
1870.9436127997	0.0004016918
1867.8915025015	0.0004037684
1864.8393922033	0.0004057971
1861.7872819051	0.0003914426
1858.7351716069	0.0003705901
1855.6830613087	0.0003590894
1852.6309510105	0.0003488994
1849.5788407123	0.0003348251
1846.5267304141	0.0003239148
1843.4746201159	0.0003131311
1840.4225098177	0.0002988840
1837.3703995195	0.0002896288
1834.3182892213	0.0002856753
1831.2661789231	0.0002804666
1828.2140686249	0.0002724463
1825.1619583267	0.0002620457
1822.1098480285	0.0002505563
1819.0577377302	0.0002449475
1816.0056274320	0.0002401838
1812.9535171338	0.0002347122
1809.9014068356	0.0002282988
1806.8492965374	0.0002208142
1803.7971862392	0.0002131533
1800.7450759410	0.0002046642
1797.6929656428	0.0001956593
1794.6408553446	0.0001918707
1791.5887450464	0.0001903452
1788.5366347482	0.0001871694
1785.4845244500	0.0001828156
1782.4324141518	0.0001810245
1779.3803038536	0.0001779847
1776.3281935554	0.0001731610
1773.2760832572	0.0001698172
1770.2239729590	0.0001675551
1767.1718626608	0.0001663396
1764.1197523626	0.0001638709
1761.0676420643	0.0001599671
1758.0155317661	0.0001562378
1754.9634214679	0.0001537054
1751.9113111697	0.0001521422
1748.8592008715	0.0001505784
1745.8070905733	0.0001443732
1742.7549802751	0.0001395177
1739.7028699769	0.0001380329
1736.6507596787	0.0001330051
1733.5986493805	0.0001249287
1730.5465390823	0.0001122858
1727.4944287841	0.0001024653
1724.4423184859	0.0001034193
1721.3902081877	0.0001078715
1718.3380978895	0.0001002290
1715.2859875913	0.0000917859
1712.2338772931	0.0000895860
1709.1817669949	0.0000857400
1706.1296566967	0.0000853238
1703.0775463984	0.0000818451
1700.0254361002	0.0000782296
1696.9733258020	0.0000719330
1693.9212155038	0.0000677583
1690.8691052056	0.0000678433
1687.8169949074	0.0000649227
1684.7648846092	0.0000641637
1681.7127743110	0.0000570593
1678.6606640128	0.0000508556
1675.6085537146	0.0000539344
1672.5564434164	0.0000515100
1669.5043331182	0.0000474627
1666.4522228200	0.0000451018
1663.4001125218	0.0000404030
1660.3480022236	0.0000384983
1657.2958919254	0.0000360329
1654.2437816272	0.0000351215
1651.1916713290	0.0000334584
1648.1395610308	0.0000277515
1645.0874507325	0.0000301586
1642.0353404343	0.0000309979
1638.9832301361	0.0000317920
1635.9311198379	0.0000351373
1632.8790095397	0.0000308703
1629.8268992415	0.0000280453
1626.7747889433	0.0000252567
1623.7226786451	0.0000217194
1620.6705683469	0.0000249518
1617.6184580487	0.0000307671
1614.5663477505	0.0000211498
1611.5142374523	0.0000179787
1608.4621271541	0.0000195079
1605.4100168559	0.0000249323
1602.3579065577	0.0000301607
1599.3057962595	0.0000163419
1596.2536859613	0.0000093741
1593.2015756631	-0.0000020371
1590.1494653649	-0.0000269862
1587.0973550667	0.0003408911
