3116.2046144675	0.0000174185
3113.1525041693	0.0000167201
3110.1003938710	0.0000157727
3107.0482835728	0.0000146954
3103.9961732746	0.0000137799
3100.9440629764	0.0000132840
3097.8919526782	0.0000131832
3094.8398423800	0.0000136340
3091.7877320818	0.0000141499
3088.7356217836	0.0000145970
3085.6835114854	0.0000146715
3082.6314011872	0.0000142353
3079.5792908890	0.0000134152
3076.5271805908	0.0000121910
3073.4750702926	0.0000108875
3070.4229599944	0.0000095326
3067.3708496962	0.0000082374
3064.3187393980	0.0000070112
3061.2666290998	0.0000059467
3058.2145188016	0.0000050893
3055.1624085034	0.0000046844
3052.1102982052	0.0000047978
3049.0581879069	0.0000057839
3046.0060776087	0.0000074164
3042.9539673105	0.0000095582
3039.9018570123	0.0000118838
3036.8497467141	0.0000142051
3033.7976364159	0.0000159934
3030.7455261177	0.0000169801
3027.6934158195	0.0000170877
3024.6413055213	0.0000162271
3021.5891952231	0.0000151679
3018.5370849249	0.0000140040
3015.4849746267	0.0000136361
3012.4328643285	0.0000138878
3009.3807540303	0.0000145955
3006.3286437321	0.0000153242
3003.2765334339	0.0000153822
3000.2244231357	0.0000148606
2997.1723128375	0.0000135175
2994.1202025393	0.0000123815
2991.0680922410	0.0000116854
2988.0159819428	0.0000115310
2984.9638716446	0.0000118322
2981.9117613464	0.0000119667
2978.8596510482	0.0000118896
2975.8075407500	0.0000112320
2972.7554304518	0.0000104286
2969.7033201536	0.0000096827
2966.6512098554	0.0000093207
2963.5990995572	0.0000094384
2960.5469892590	0.0000102327
2957.4948789608	0.0000115566
2954.4427686626	0.0000128612
2951.3906583644	0.0000138161
2948.3385480662	0.0000138156
2945.2864377680	0.0000131272
2942.2343274698	0.0000117142
2939.1822171716	0.0000106345
2936.1301068734	0.0000099836
2933.0779965751	0.0000101178
2930.0258862769	0.0000107399
2926.9737759787	0.0000116490
2923.9216656805	0.0000123164
2920.8695553823	0.0000125284
2917.8174450841	0.0000122450
2914.7653347859	0.0000116199
2911.7132244877	0.0000111173
2908.6611141895	0.0000110994
2905.6090038913	0.0000120148
2902.5568935931	0.0000135016
2899.5047832949	0.0000154399
2896.4526729967	0.0000169896
2893.4005626985	0.0000180238
2890.3484524003	0.0000181377
2887.2963421021	0.0000177342
2884.2442318039	0.0000169126
2881.1921215057	0.0000159283
2878.1400112075	0.0000148820
2875.0879009092	0.0000139253
2872.0357906110	0.0000134094
2868.9836803128	0.0000134901
2865.9315700146	0.0000148390
2862.8794597164	0.0000171277
2859.8273494182	0.0000199118
2856.7752391200	0.0000222734
2853.7231288218	0.0000238171
2850.6710185236	0.0000243599
2847.6189082254	0.0000242496
2844.5667979272	0.0000240216
2841.5146876290	0.0000237365
2838.4625773308	0.0000234233
2835.4104670326	0.0000228345
2832.3583567344	0.0000221692
2829.3062464362	0.0000215579
2826.2541361380	0.0000214845
2823.2020258398	0.0000218724
2820.1499155416	0.0000223852
2817.0978052433	0.0000223790
2814.0456949451	0.0000214968
2810.9935846469	0.0000198018
2807.9414743487	0.0000180532
2804.8893640505	0.0000172131
2801.8372537523	0.0000178678
2798.7851434541	0.0000197467
2795.7330331559	0.0000216656
2792.6809228577	0.0000225765
2789.6288125595	0.0000219781
2786.5767022613	0.0000206449
2783.5245919631	0.0000195373
2780.4724816649	0.0000196128
2777.4203713667	0.0000207943
2774.3682610685	0.0000225055
2771.3161507703	0.0000238101
2768.2640404721	0.0000243082
2765.2119301739	0.0000240865
2762.1598198757	0.0000236145
2759.1077095775	0.0000232839
2756.0555992792	0.0000232235
2753.0034889810	0.0000233627
2749.9513786828	0.0000235893
2746.8992683846	0.0000238548
2743.8471580864	0.0000241944
2740.7950477882	0.0000247592
2737.7429374900	0.0000256439
2734.6908271918	0.0000269041
2731.6387168936	0.0000281345
2728.5866065954	0.0000290219
2725.5344962972	0.0000288743
2722.4823859990	0.0000280163
2719.4302757008	0.0000266912
2716.3781654026	0.0000260082
2713.3260551044	0.0000261042
2710.2739448062	0.0000271147
2707.2218345080	0.0000283977
2704.1697242098	0.0000296000
2701.1176139116	0.0000304357
2698.0655036133	0.0000307333
2695.0133933151	0.0000305394
2691.9612830169	0.0000299048
2688.9091727187	0.0000290348
2685.8570624205	0.0000282757
2682.8049521223	0.0000278351
2679.7528418241	0.0000279752
2676.7007315259	0.0000285383
2673.6486212277	0.0000293446
2670.5965109295	0.0000300783
2667.5444006313	0.0000304678
2664.4922903331	0.0000303817
2661.4401800349	0.0000296831
2658.3880697367	0.0000286198
2655.3359594385	0.0000275425
2652.2838491403	0.0000267125
2649.2317388421	0.0000262335
2646.1796285439	0.0000256588
2643.1275182457	0.0000249050
2640.0754079474	0.0000240745
2637.0232976492	0.0000237181
2633.9711873510	0.0000236315
2630.9190770528	0.0000234898
2627.8669667546	0.0000221961
2624.8148564564	0.0000199076
2621.7627461582	0.0000171057
2618.7106358600	0.0000149567
2615.6585255618	0.0000144255
2612.6064152636	0.0000152906
2609.5543049654	0.0000171336
2606.5021946672	0.0000189130
2603.4500843690	0.0000201328
2600.3979740708	0.0000204638
2597.3458637726	0.0000196448
2594.2937534744	0.0000176660
2591.2416431762	0.0000152789
2588.1895328780	0.0000132436
2585.1374225798	0.0000125897
2582.0853122815	0.0000133655
2579.0332019833	0.0000146104
2575.9810916851	0.0000153225
2572.9289813869	0.0000142417
2569.8768710887	0.0000115816
2566.8247607905	0.0000084938
2563.7726504923	0.0000061179
2560.7205401941	0.0000054987
2557.6684298959	0.0000062833
2554.6163195977	0.0000074783
2551.5642092995	0.0000083580
2548.5120990013	0.0000088619
2545.4599887031	0.0000091904
2542.4078784049	0.0000093190
2539.3557681067	0.0000091510
2536.3036578085	0.0000085005
2533.2515475103	0.0000075791
2530.1994372121	0.0000064977
2527.1473269139	0.0000052441
2524.0952166156	0.0000037360
2521.0431063174	0.0000018616
2517.9909960192	0.0000005034
2514.9388857210	0.0000001161
2511.8867754228	0.0000008939
2508.8346651246	0.0000026894
2505.7825548264	0.0000046099
2502.7304445282	0.0000062959
2499.6783342300	0.0000071706
2496.6262239318	0.0000068058
2493.5741136336	0.0000056925
2490.5220033354	0.0000049482
2487.4698930372	0.0000054094
2484.4177827390	0.0000071356
2481.3656724408	0.0000094757
2478.3135621426	0.0000111940
2475.2614518444	0.0000118016
2472.2093415462	0.0000119076
2469.1572312480	0.0000121499
2466.1051209498	0.0000128197
2463.0530106515	0.0000132927
2460.0009003533	0.0000125982
2456.9487900551	0.0000113235
2453.8966797569	0.0000106680
2450.8445694587	0.0000115143
2447.7924591605	0.0000137484
2444.7403488623	0.0000162912
2441.6882385641	0.0000189525
2438.6361282659	0.0000219440
2435.5840179677	0.0000250581
2432.5319076695	0.0000276651
2429.4797973713	0.0000289764
2426.4276870731	0.0000288332
2423.3755767749	0.0000281160
2420.3234664767	0.0000284232
2417.2713561785	0.0000306670
2414.2192458803	0.0000344908
2411.1671355821	0.0000383271
2408.1150252839	0.0000407157
2405.0629149856	0.0000425804
2402.0108046874	0.0000457065
2398.9586943892	0.0000508718
2395.9065840910	0.0000577036
2392.8544737928	0.0000652887
2389.8023634946	0.0000730968
2386.7502531964	0.0000813731
2383.6981428982	0.0000904378
2380.6460326000	0.0001000320
2377.5939223018	0.0001098565
2374.5418120036	0.0001200905
2371.4897017054	0.0001313939
2368.4375914072	0.0001445282
2365.3854811090	0.0001598310
2362.3333708108	0.0001770055
2359.2812605126	0.0001956390
2356.2291502144	0.0002162424
2353.1770399162	0.0002400473
2350.1249296180	0.0002678316
2347.0728193197	0.0002995870
2344.0207090215	0.0003352363
2340.9685987233	0.0003753914
2337.9164884251	0.0004210760
2334.8643781269	0.0004726218
2331.8122678287	0.0005296746
2328.7601575305	0.0005923898
2325.7080472323	0.0006618168
2322.6559369341	0.0007395399
2319.6038266359	0.0008273990
2316.5517163377	0.0009270844
2313.4996060395	0.0010397126
2310.4474957413	0.0011660516
2307.3953854431	0.0013073381
2304.3432751449	0.0014655159
2301.2911648467	0.0016420833
2298.2390545485	0.0018373417
2295.1869442503	0.0020522622
2292.1348339521	0.0022901359
2289.0827236538	0.0025539557
2286.0306133556	0.0028432079
2282.9785030574	0.0031550932
2279.9263927592	0.0034872307
2276.8742824610	0.0038376621
2273.8221721628	0.0042031757
2270.7700618646	0.0045785177
2267.7179515664	0.0049564200
2264.6658412682	0.0053279921
2261.6137309700	0.0056842910
2258.5616206718	0.0060180519
2255.5095103736	0.0063227606
2252.4574000754	0.0065902006
2249.4052897772	0.0068114894
2246.3531794790	0.0069814301
2243.3010691808	0.0070996331
2240.2489588826	0.0071670380
2237.1968485844	0.0071841781
2234.1447382862	0.0071536135
2231.0926279879	0.0070815152
2228.0405176897	0.0069756219
2224.9884073915	0.0068427734
2221.9362970933	0.0066887909
2218.8841867951	0.0065192240
2215.8320764969	0.0063388711
2212.7799661987	0.0061512152
2209.7278559005	0.0059592370
2206.6757456023	0.0057659838
2203.6236353041	0.0055738059
2200.5715250059	0.0053842324
2197.5194147077	0.0051989476
2194.4673044095	0.0050196373
2191.4151941113	0.0048467778
2188.3630838131	0.0046798121
2185.3109735149	0.0045186346
2182.2588632167	0.0043638344
2179.2067529185	0.0042151171
2176.1546426203	0.0040708231
2173.1025323221	0.0039301571
2170.0504220238	0.0037948468
2166.9983117256	0.0036668887
2163.9462014274	0.0035453073
2160.8940911292	0.0034273784
2157.8419808310	0.0033129116
2154.7898705328	0.0032041820
2151.7377602346	0.0031013086
2148.6856499364	0.0030014780
2145.6335396382	0.0029029548
2142.5814293400	0.0028067681
2139.5293190418	0.0027150624
2136.4772087436	0.0026292040
2133.4250984454	0.0025481875
2130.3729881472	0.0024692952
2127.3208778490	0.0023907409
2124.2687675508	0.0023127380
2121.2166572526	0.0022367539
2118.1645469544	0.0021641827
2115.1124366562	0.0020954879
2112.0603263579	0.0020302667
2109.0082160597	0.0019671202
2105.9561057615	0.0019050342
2102.9039954633	0.0018450565
2099.8518851651	0.0017877442
2096.7997748669	0.0017310561
2093.7476645687	0.0016734606
2090.6955542705	0.0016164506
2087.6434439723	0.0015623077
2084.5913336741	0.0015114280
2081.5392233759	0.0014629507
2078.4871130777	0.0014154280
2075.4350027795	0.0013672606
2072.3828924813	0.0013201144
2069.3307821831	0.0012770465
2066.2786718849	0.0012370126
2063.2265615867	0.0011974948
2060.1744512885	0.0011579923
2057.1223409903	0.0011185642
2054.0702306920	0.0010804115
2051.0181203938	0.0010454118
2047.9660100956	0.0010126618
2044.9138997974	0.0009793274
2041.8617894992	0.0009454510
2038.8096792010	0.0009134333
2035.7575689028	0.0008833858
2032.7054586046	0.0008538385
2029.6533483064	0.0008244870
2026.6012380082	0.0007957581
2023.5491277100	0.0007672231
2020.4970174118	0.0007387563
2017.4449071136	0.0007119874
2014.3927968154	0.0006867070
2011.3406865172	0.0006610996
2008.2885762190	0.0006370518
2005.2364659208	0.0006159404
2002.1843556226	0.0005945876
1999.1322453244	0.0005717621
1996.0801350261	0.0005501292
1993.0280247279	0.0005305810
1989.9759144297	0.0005128487
1986.9238041315	0.0004970170
1983.8716938333	0.0004821581
1980.8195835351	0.0004670117
1977.7674732369	0.0004508142
1974.7153629387	0.0004337783
1971.6632526405	0.0004167177
1968.6111423423	0.0004017190
1965.5590320441	0.0003895640
1962.5069217459	0.0003767993
1959.4548114477	0.0003636233
1956.4027011495	0.0003536633
1953.3505908513	0.0003437377
1950.2984805531	0.0003291306
1947.2463702549	0.0003148687
1944.1942599567	0.0003069236
1941.1421496585	0.0003016854
1938.0900393602	0.0002933324
1935.0379290620	0.0002824304
1931.9858187638	0.0002720215
1928.9337084656	0.0002617514
1925.8815981674	0.0002480359
1922.8294878692	0.0002329968
1919.7773775710	0.0002251320
1916.7252672728	0.0002224535
1913.6731569746	0.0002179601
1910.6210466764	0.0002103051
1907.5689363782	0.0001991658
1904.5168260800	0.0001899119
1901.4647157818	0.0001867106
1898.4126054836	0.0001860560
1895.3604951854	0.0001830107
1892.3083848872	0.0001765684
1889.2562745890	0.0001704339
1886.2041642908	0.0001653593
1883.1520539926	0.0001603504
1880.0999436944	0.0001545147
1877.0478333961	0.0001441196
1873.9957230979	0.0001320960
1870.9436127997	0.0001261532
1867.8915025015	0.0001281377
1864.8393922033	0.0001312352
1861.7872819051	0.0001277398
1858.7351716069	0.0001214606
1855.6830613087	0.0001178556
1852.6309510105	0.0001162331
1849.5788407123	0.0001132005
1846.5267304141	0.0001075286
1843.4746201159	0.0001017079
1840.4225098177	0.0000966501
1837.3703995195	0.0000955784
1834.3182892213	0.0000946916
1831.2661789231	0.0000904088
1828.2140686249	0.0000873998
1825.1619583267	0.0000855804
1822.1098480285	0.0000840182
1819.0577377302	0.0000841346
1816.0056274320	0.0000854947
1812.9535171338	0.0000845999
1809.9014068356	0.0000779138
1806.8492965374	0.0000695894
1803.7971862392	0.0000640085
1800.7450759410	0.0000597814
1797.6929656428	0.0000557743
1794.6408553446	0.0000551260
1791.5887450464	0.0000571236
1788.5366347482	0.0000564313
1785.4845244500	0.0000534822
1782.4324141518	0.0000512531
1779.3803038536	0.0000515326
1776.3281935554	0.0000519675
1773.2760832572	0.0000513900
1770.2239729590	0.0000467298
1767.1718626608	0.0000390590
1764.1197523626	0.0000383443
1761.0676420643	0.0000424712
1758.0155317661	0.0000466961
1754.9634214679	0.0000472750
1751.9113111697	0.0000453323
1748.8592008715	0.0000470247
1745.8070905733	0.0000476054
1742.7549802751	0.0000437393
1739.7028699769	0.0000425032
1736.6507596787	0.0000395346
1733.5986493805	0.0000345959
1730.5465390823	0.0000334304
1727.4944287841	0.0000320243
1724.4423184859	0.0000270528
1721.3902081877	0.0000232307
1718.3380978895	0.0000270657
1715.2859875913	0.0000279178
1712.2338772931	0.0000226756
1709.1817669949	0.0000211746
1706.1296566967	0.0000210182
1703.0775463984	0.0000221835
1700.0254361002	0.0000253635
1696.9733258020	0.0000248518
1693.9212155038	0.0000229622
1690.8691052056	0.0000226027
1687.8169949074	0.0000211769
1684.7648846092	0.0000149868
1681.7127743110	0.0000082583
1678.6606640128	0.0000081276
1675.6085537146	0.0000108217
1672.5564434164	0.0000130726
1669.5043331182	0.0000130847
1666.4522228200	0.0000130709
1663.4001125218	0.0000129038
1660.3480022236	0.0000078633
1657.2958919254	0.0000080136
1654.2437816272	0.0000093429
1651.1916713290	0.0000102369
1648.1395610308	0.0000083859
1645.0874507325	0.0000025790
1642.0353404343	0.0000068657
1638.9832301361	0.0000090870
1635.9311198379	0.0000048338
1632.8790095397	0.0000033980
1629.8268992415	0.0000044969
1626.7747889433	0.0000022382
1623.7226786451	0.0000029236
1620.6705683469	0.0000065642
1617.6184580487	0.0000082404
1614.5663477505	0.0000053221
1611.5142374523	0.0000042568
1608.4621271541	0.0000036034
1605.4100168559	0.0000039343
1602.3579065577	0.0000082058
1599.3057962595	0.0000058889
1596.2536859613	0.0000099663
1593.2015756631	0.0000152212
1590.1494653649	0.0000056026
1587.0973550667	0.0000467842
