3116.2046144675	0.0000333009
3113.1525041693	0.0000324100
3110.1003938710	0.0000313650
3107.0482835728	0.0000306548
3103.9961732746	0.0000300248
3100.9440629764	0.0000294203
3097.8919526782	0.0000287865
3094.8398423800	0.0000280156
3091.7877320818	0.0000273799
3088.7356217836	0.0000270014
3085.6835114854	0.0000268097
3082.6314011872	0.0000268915
3079.5792908890	0.0000266271
3076.5271805908	0.0000259051
3073.4750702926	0.0000245816
3070.4229599944	0.0000226126
3067.3708496962	0.0000208570
3064.3187393980	0.0000193624
3061.2666290998	0.0000188190
3058.2145188016	0.0000190921
3055.1624085034	0.0000198130
3052.1102982052	0.0000208179
3049.0581879069	0.0000215102
3046.0060776087	0.0000219206
3042.9539673105	0.0000218525
3039.9018570123	0.0000214509
3036.8497467141	0.0000206969
3033.7976364159	0.0000199887
3030.7455261177	0.0000194531
3027.6934158195	0.0000194606
3024.6413055213	0.0000201266
3021.5891952231	0.0000210661
3018.5370849249	0.0000222174
3015.4849746267	0.0000229379
3012.4328643285	0.0000232933
3009.3807540303	0.0000232471
3006.3286437321	0.0000229754
3003.2765334339	0.0000227169
3000.2244231357	0.0000224692
2997.1723128375	0.0000223023
2994.1202025393	0.0000220535
2991.0680922410	0.0000216990
2988.0159819428	0.0000209996
2984.9638716446	0.0000199588
2981.9117613464	0.0000185677
2978.8596510482	0.0000170394
2975.8075407500	0.0000157366
2972.7554304518	0.0000149072
2969.7033201536	0.0000148497
2966.6512098554	0.0000153550
2963.5990995572	0.0000164102
2960.5469892590	0.0000174716
2957.4948789608	0.0000184843
2954.4427686626	0.0000191549
2951.3906583644	0.0000195792
2948.3385480662	0.0000197942
2945.2864377680	0.0000198724
2942.2343274698	0.0000198439
2939.1822171716	0.0000197175
2936.1301068734	0.0000195416
2933.0779965751	0.0000195424
2930.0258862769	0.0000198571
2926.9737759787	0.0000207961
2923.9216656805	0.0000219746
2920.8695553823	0.0000232979
2917.8174450841	0.0000243402
2914.7653347859	0.0000251525
2911.7132244877	0.0000258753
2908.6611141895	0.0000267022
2905.6090038913	0.0000278874
2902.5568935931	0.0000289897
2899.5047832949	0.0000299085
2896.4526729967	0.0000302170
2893.4005626985	0.0000300101
2890.3484524003	0.0000292790
2887.2963421021	0.0000284024
2884.2442318039	0.0000275031
2881.1921215057	0.0000267444
2878.1400112075	0.0000261813
2875.0879009092	0.0000259700
2872.0357906110	0.0000259993
2868.9836803128	0.0000262421
2865.9315700146	0.0000263450
2862.8794597164	0.0000263518
2859.8273494182	0.0000262806
2856.7752391200	0.0000263798
2853.7231288218	0.0000267426
2850.6710185236	0.0000270967
2847.6189082254	0.0000272966
2844.5667979272	0.0000270377
2841.5146876290	0.0000265357
2838.4625773308	0.0000258838
2835.4104670326	0.0000256701
2832.3583567344	0.0000258319
2829.3062464362	0.0000264353
2826.2541361380	0.0000269737
2823.2020258398	0.0000273323
2820.1499155416	0.0000271950
2817.0978052433	0.0000269861
2814.0456949451	0.0000268938
2810.9935846469	0.0000273162
2807.9414743487	0.0000281600
2804.8893640505	0.0000293754
2801.8372537523	0.0000306465
2798.7851434541	0.0000318594
2795.7330331559	0.0000327983
2792.6809228577	0.0000333155
2789.6288125595	0.0000333338
2786.5767022613	0.0000329298
2783.5245919631	0.0000324236
2780.4724816649	0.0000320946
2777.4203713667	0.0000323488
2774.3682610685	0.0000330771
2771.3161507703	0.0000341563
2768.2640404721	0.0000350135
2765.2119301739	0.0000355490
2762.1598198757	0.0000356769
2759.1077095775	0.0000357475
2756.0555992792	0.0000358550
2753.0034889810	0.0000359887
2749.9513786828	0.0000360001
2746.8992683846	0.0000358490
2743.8471580864	0.0000357705
2740.7950477882	0.0000360311
2737.7429374900	0.0000367988
2734.6908271918	0.0000378635
2731.6387168936	0.0000388246
2728.5866065954	0.0000393728
2725.5344962972	0.0000393435
2722.4823859990	0.0000391623
2719.4302757008	0.0000391580
2716.3781654026	0.0000395865
2713.3260551044	0.0000401332
2710.2739448062	0.0000405750
2707.2218345080	0.0000409107
2704.1697242098	0.0000416045
2701.1176139116	0.0000429598
2698.0655036133	0.0000449066
2695.0133933151	0.0000469384
2691.9612830169	0.0000487484
2688.9091727187	0.0000501073
2685.8570624205	0.0000512358
2682.8049521223	0.0000522102
2679.7528418241	0.0000531188
2676.7007315259	0.0000535173
2673.6486212277	0.0000532060
2670.5965109295	0.0000518755
2667.5444006313	0.0000502751
2664.4922903331	0.0000489609
2661.4401800349	0.0000485826
2658.3880697367	0.0000488803
2655.3359594385	0.0000491606
2652.2838491403	0.0000489008
2649.2317388421	0.0000478460
2646.1796285439	0.0000465578
2643.1275182457	0.0000453426
2640.0754079474	0.0000445614
2637.0232976492	0.0000438999
2633.9711873510	0.0000433026
2630.9190770528	0.0000427605
2627.8669667546	0.0000427750
2624.8148564564	0.0000435227
2621.7627461582	0.0000449376
2618.7106358600	0.0000466831
2615.6585255618	0.0000477986
2612.6064152636	0.0000476269
2609.5543049654	0.0000456884
2606.5021946672	0.0000424024
2603.4500843690	0.0000391308
2600.3979740708	0.0000365697
2597.3458637726	0.0000352305
2594.2937534744	0.0000348643
2591.2416431762	0.0000353449
2588.1895328780	0.0000364085
2585.1374225798	0.0000375815
2582.0853122815	0.0000380404
2579.0332019833	0.0000378538
2575.9810916851	0.0000373096
2572.9289813869	0.0000371816
2569.8768710887	0.0000376828
2566.8247607905	0.0000384297
2563.7726504923	0.0000389584
2560.7205401941	0.0000386713
2557.6684298959	0.0000376852
2554.6163195977	0.0000362394
2551.5642092995	0.0000345168
2548.5120990013	0.0000325335
2545.4599887031	0.0000304657
2542.4078784049	0.0000289607
2539.3557681067	0.0000285257
2536.3036578085	0.0000294861
2533.2515475103	0.0000311934
2530.1994372121	0.0000326785
2527.1473269139	0.0000334418
2524.0952166156	0.0000333574
2521.0431063174	0.0000329697
2517.9909960192	0.0000326168
2514.9388857210	0.0000322388
2511.8867754228	0.0000317946
2508.8346651246	0.0000314435
2505.7825548264	0.0000318280
2502.7304445282	0.0000334456
2499.6783342300	0.0000360647
2496.6262239318	0.0000389491
2493.5741136336	0.0000409532
2490.5220033354	0.0000421093
2487.4698930372	0.0000429416
2484.4177827390	0.0000437704
2481.3656724408	0.0000447656
2478.3135621426	0.0000462640
2475.2614518444	0.0000487388
2472.2093415462	0.0000518084
2469.1572312480	0.0000549850
2466.1051209498	0.0000580182
2463.0530106515	0.0000614605
2460.0009003533	0.0000660430
2456.9487900551	0.0000714518
2453.8966797569	0.0000769158
2450.8445694587	0.0000818301
2447.7924591605	0.0000862560
2444.7403488623	0.0000912797
2441.6882385641	0.0000973145
2438.6361282659	0.0001038998
2435.5840179677	0.0001109443
2432.5319076695	0.0001188799
2429.4797973713	0.0001284855
2426.4276870731	0.0001398034
2423.3755767749	0.0001521590
2420.3234664767	0.0001652741
2417.2713561785	0.0001793620
2414.2192458803	0.0001948950
2411.1671355821	0.0002122433
2408.1150252839	0.0002312525
2405.0629149856	0.0002518122
2402.0108046874	0.0002742757
2398.9586943892	0.0002988250
2395.9065840910	0.0003254145
2392.8544737928	0.0003540525
2389.8023634946	0.0003851742
2386.7502531964	0.0004196158
2383.6981428982	0.0004584260
2380.6460326000	0.0005025379
2377.5939223018	0.0005523743
2374.5418120036	0.0006081041
2371.4897017054	0.0006700574
2368.4375914072	0.0007388900
2365.3854811090	0.0008153741
2362.3333708108	0.0009002787
2359.2812605126	0.0009945665
2356.2291502144	0.0010990287
2353.1770399162	0.0012142484
2350.1249296180	0.0013414171
2347.0728193197	0.0014830520
2344.0207090215	0.0016426037
2340.9685987233	0.0018229811
2337.9164884251	0.0020251819
2334.8643781269	0.0022490441
2331.8122678287	0.0024958227
2328.7601575305	0.0027688295
2325.7080472323	0.0030719691
2322.6559369341	0.0034087163
2319.6038266359	0.0037813073
2316.5517163377	0.0041907737
2313.4996060395	0.0046380321
2310.4474957413	0.0051247482
2307.3953854431	0.0056530135
2304.3432751449	0.0062240837
2301.2911648467	0.0068370793
2298.2390545485	0.0074882726
2295.1869442503	0.0081715668
2292.1348339521	0.0088794939
2289.0827236538	0.0096036140
2286.0306133556	0.0103346063
2282.9785030574	0.0110615874
2279.9263927592	0.0117717208
2276.8742824610	0.0124514233
2273.8221721628	0.0130872577
2270.7700618646	0.0136657692
2267.7179515664	0.0141747352
2264.6658412682	0.0146054076
2261.6137309700	0.0149524743
2258.5616206718	0.0152124865
2255.5095103736	0.0153839765
2252.4574000754	0.0154691255
2249.4052897772	0.0154739683
2246.3531794790	0.0154063869
2243.3010691808	0.0152745210
2240.2489588826	0.0150874062
2237.1968485844	0.0148554659
2234.1447382862	0.0145885488
2231.0926279879	0.0142942593
2228.0405176897	0.0139787253
2224.9884073915	0.0136474809
2221.9362970933	0.0133055300
2218.8841867951	0.0129577061
2215.8320764969	0.0126086958
2212.7799661987	0.0122622298
2209.7278559005	0.0119201094
2206.6757456023	0.0115824770
2203.6236353041	0.0112500982
2200.5715250059	0.0109255407
2197.5194147077	0.0106107555
2194.4673044095	0.0103048850
2191.4151941113	0.0100061148
2188.3630838131	0.0097146537
2185.3109735149	0.0094319107
2182.2588632167	0.0091577126
2179.2067529185	0.0088910926
2176.1546426203	0.0086324858
2173.1025323221	0.0083828531
2170.0504220238	0.0081427088
2166.9983117256	0.0079119774
2163.9462014274	0.0076888297
2160.8940911292	0.0074706655
2157.8419808310	0.0072570527
2154.7898705328	0.0070499531
2151.7377602346	0.0068509607
2148.6856499364	0.0066586845
2145.6335396382	0.0064702705
2142.5814293400	0.0062852502
2139.5293190418	0.0061049955
2136.4772087436	0.0059301318
2133.4250984454	0.0057603098
2130.3729881472	0.0055948668
2127.3208778490	0.0054337452
2124.2687675508	0.0052772900
2121.2166572526	0.0051255180
2118.1645469544	0.0049785725
2115.1124366562	0.0048359609
2112.0603263579	0.0046963110
2109.0082160597	0.0045588645
2105.9561057615	0.0044237385
2102.9039954633	0.0042919177
2099.8518851651	0.0041645872
2096.7997748669	0.0040418631
2093.7476645687	0.0039227563
2090.6955542705	0.0038059943
2087.6434439723	0.0036919450
2084.5913336741	0.0035816422
2081.5392233759	0.0034743408
2078.4871130777	0.0033690892
2075.4350027795	0.0032659350
2072.3828924813	0.0031660916
2069.3307821831	0.0030695908
2066.2786718849	0.0029739677
2063.2265615867	0.0028806089
2060.1744512885	0.0027925984
2057.1223409903	0.0027073869
2054.0702306920	0.0026227511
2051.0181203938	0.0025398168
2047.9660100956	0.0024595058
2044.9138997974	0.0023828517
2041.8617894992	0.0023102828
2038.8096792010	0.0022397747
2035.7575689028	0.0021691916
2032.7054586046	0.0021002525
2029.6533483064	0.0020343808
2026.6012380082	0.0019693070
2023.5491277100	0.0019041818
2020.4970174118	0.0018400040
2017.4449071136	0.0017772157
2014.3927968154	0.0017172436
2011.3406865172	0.0016625848
2008.2885762190	0.0016116981
2005.2364659208	0.0015602661
2002.1843556226	0.0015081638
1999.1322453244	0.0014567222
1996.0801350261	0.0014069179
1993.0280247279	0.0013604728
1989.9759144297	0.0013176283
1986.9238041315	0.0012763065
1983.8716938333	0.0012349840
1980.8195835351	0.0011955715
1977.7674732369	0.0011572472
1974.7153629387	0.0011173120
1971.6632526405	0.0010777614
1968.6111423423	0.0010428886
1965.5590320441	0.0010125224
1962.5069217459	0.0009808582
1959.4548114477	0.0009471091
1956.4027011495	0.0009155868
1953.3505908513	0.0008873310
1950.2984805531	0.0008603744
1947.2463702549	0.0008350076
1944.1942599567	0.0008111264
1941.1421496585	0.0007852222
1938.0900393602	0.0007581591
1935.0379290620	0.0007335124
1931.9858187638	0.0007103909
1928.9337084656	0.0006858100
1925.8815981674	0.0006616843
1922.8294878692	0.0006400894
1919.7773775710	0.0006209764
1916.7252672728	0.0006014082
1913.6731569746	0.0005796448
1910.6210466764	0.0005583959
1907.5689363782	0.0005360359
1904.5168260800	0.0005160179
1901.4647157818	0.0005036005
1898.4126054836	0.0004986493
1895.3604951854	0.0004953854
1892.3083848872	0.0004848951
1889.2562745890	0.0004683109
1886.2041642908	0.0004515768
1883.1520539926	0.0004392874
1880.0999436944	0.0004282241
1877.0478333961	0.0004071443
1873.9957230979	0.0003808083
1870.9436127997	0.0003650611
1867.8915025015	0.0003613099
1864.8393922033	0.0003571601
1861.7872819051	0.0003462734
1858.7351716069	0.0003338344
1855.6830613087	0.0003250100
1852.6309510105	0.0003160930
1849.5788407123	0.0003025735
1846.5267304141	0.0002912451
1843.4746201159	0.0002830680
1840.4225098177	0.0002696727
1837.3703995195	0.0002548285
1834.3182892213	0.0002452502
1831.2661789231	0.0002389532
1828.2140686249	0.0002316536
1825.1619583267	0.0002264200
1822.1098480285	0.0002214465
1819.0577377302	0.0002152151
1816.0056274320	0.0002083452
1812.9535171338	0.0002032802
1809.9014068356	0.0002011084
1806.8492965374	0.0001985863
1803.7971862392	0.0001910661
1800.7450759410	0.0001809206
1797.6929656428	0.0001739776
1794.6408553446	0.0001706225
1791.5887450464	0.0001659898
1788.5366347482	0.0001620822
1785.4845244500	0.0001595832
1782.4324141518	0.0001575061
1779.3803038536	0.0001535294
1776.3281935554	0.0001483437
1773.2760832572	0.0001452844
1770.2239729590	0.0001415437
1767.1718626608	0.0001386922
1764.1197523626	0.0001351948
1761.0676420643	0.0001346987
1758.0155317661	0.0001350526
1754.9634214679	0.0001319928
1751.9113111697	0.0001293343
1748.8592008715	0.0001305037
1745.8070905733	0.0001277304
1742.7549802751	0.0001185683
1739.7028699769	0.0001140154
1736.6507596787	0.0001119037
1733.5986493805	0.0001085709
1730.5465390823	0.0000995973
1727.4944287841	0.0000906381
1724.4423184859	0.0000896303
1721.3902081877	0.0000915882
1718.3380978895	0.0000855941
1715.2859875913	0.0000806180
1712.2338772931	0.0000772523
1709.1817669949	0.0000739109
1706.1296566967	0.0000750973
1703.0775463984	0.0000737986
1700.0254361002	0.0000684666
1696.9733258020	0.0000636682
1693.9212155038	0.0000594945
1690.8691052056	0.0000595059
1687.8169949074	0.0000603321
1684.7648846092	0.0000569803
1681.7127743110	0.0000519561
1678.6606640128	0.0000494808
1675.6085537146	0.0000466683
1672.5564434164	0.0000450031
1669.5043331182	0.0000442042
1666.4522228200	0.0000405013
1663.4001125218	0.0000364629
1660.3480022236	0.0000371055
1657.2958919254	0.0000400981
1654.2437816272	0.0000405704
1651.1916713290	0.0000403559
1648.1395610308	0.0000391319
1645.0874507325	0.0000384485
1642.0353404343	0.0000352536
1638.9832301361	0.0000349342
1635.9311198379	0.0000336220
1632.8790095397	0.0000292422
1629.8268992415	0.0000309897
1626.7747889433	0.0000320329
1623.7226786451	0.0000273102
1620.6705683469	0.0000259977
1617.6184580487	0.0000275911
1614.5663477505	0.0000306902
1611.5142374523	0.0000346434
1608.4621271541	0.0000281836
1605.4100168559	0.0000175590
1602.3579065577	0.0000199821
1599.3057962595	0.0000208885
1596.2536859613	0.0000151961
1593.2015756631	0.0000025719
1590.1494653649	-0.0000131574
1587.0973550667	0.0001722260
